$ ./redblue_movement_v2_0_pthread 4 30 5 60 1000

=================================================
The board size：n = 30 (30X30)
The tile grid size: t = 5 (5X5)
The terminating threshold: c = 60 percent
The maximum number of iterations: max_iters = 1000
Current Local Time: 2022-04-08-10:00:50
=================================================

[Process #main] 2022-04-08-10:00:50 [multithreading]: INITIAL STATE of the board:

1 0 1 0 1 1 1 1 0 1 1 0 1 2 0 2 0 2 2 0 1 2 1 2 0 1 1 1 2 1 
1 1 1 0 2 0 1 1 1 2 0 0 2 1 0 0 2 1 2 1 0 0 1 1 0 1 0 1 1 2 
0 2 2 2 2 1 2 2 0 1 1 1 2 2 0 0 2 2 1 2 2 1 0 1 0 1 0 0 0 1 
1 1 0 1 1 1 2 1 0 0 2 2 2 2 1 2 2 2 2 1 2 2 0 2 0 1 1 0 2 2 
0 0 1 1 2 2 2 2 1 0 0 1 0 2 0 2 2 0 1 1 2 0 1 2 1 1 1 2 0 0 
2 0 2 1 1 1 2 1 1 0 1 2 2 2 1 2 2 1 1 0 0 0 2 2 0 0 1 1 2 1 
1 2 1 1 1 0 0 0 2 1 1 1 1 0 1 0 0 0 2 1 1 1 2 0 1 2 0 0 1 1 
2 0 1 0 2 2 1 2 0 1 2 2 0 1 2 1 2 0 2 0 0 1 1 2 2 0 0 0 0 1 
1 2 2 2 1 2 2 0 1 0 2 1 2 0 2 2 2 0 2 1 0 0 2 1 0 2 2 0 0 2 
2 2 0 2 2 2 1 2 2 0 0 2 0 2 0 0 1 2 0 1 1 0 0 2 2 0 1 1 1 2 
2 1 2 2 0 2 1 2 2 1 1 2 2 1 2 2 1 1 2 2 2 1 2 0 0 2 0 2 1 2 
2 0 1 1 0 2 1 1 0 0 1 1 0 1 2 2 1 1 0 1 1 1 0 2 1 0 2 0 0 0 
2 0 2 1 2 2 2 1 2 2 1 1 0 2 2 0 2 1 2 0 0 1 1 1 1 2 1 0 2 2 
1 0 0 0 2 2 0 1 0 2 1 0 0 2 0 2 2 2 1 0 2 1 2 0 2 0 1 2 0 0 
2 1 0 2 2 1 1 2 2 2 2 1 2 2 0 0 2 1 2 0 2 0 0 1 0 2 1 1 2 2 
0 1 0 1 0 0 2 2 0 0 1 2 2 1 2 0 1 1 1 1 2 1 1 2 2 0 2 0 2 2 
2 2 1 1 2 2 2 1 1 1 1 0 0 1 2 0 2 0 2 1 2 2 0 1 2 2 1 0 1 0 
0 1 1 1 0 0 0 0 1 2 1 1 2 2 2 2 0 2 0 0 1 0 0 2 1 0 1 0 0 0 
0 0 2 1 1 2 1 0 2 1 2 1 0 0 1 0 2 1 0 0 2 2 0 0 1 2 0 0 2 1 
1 2 1 0 2 0 0 1 0 1 0 0 2 0 0 1 1 0 1 2 0 0 1 1 1 0 0 1 0 2 
0 2 0 1 2 2 2 1 1 0 2 2 0 2 2 1 1 1 2 2 0 0 0 2 2 2 2 2 1 1 
2 2 0 2 1 1 2 0 2 0 1 2 0 2 1 0 1 0 1 1 0 0 1 1 2 0 1 0 0 2 
1 0 2 1 0 1 2 0 1 2 1 0 1 2 1 1 2 0 2 1 1 0 2 2 2 2 1 1 0 2 
0 1 0 1 0 0 2 0 1 1 2 2 2 2 1 1 1 1 1 0 1 2 1 0 2 0 0 1 2 0 
0 1 2 0 2 0 1 1 0 2 2 0 0 2 0 2 0 1 2 1 2 0 1 0 1 1 2 2 2 2 
2 1 0 0 2 2 0 2 0 1 2 1 2 2 0 0 0 2 2 2 0 2 2 0 1 0 1 0 2 1 
2 0 0 1 1 0 0 1 2 2 2 1 0 2 2 1 2 2 0 2 1 2 2 1 2 0 1 1 0 2 
2 1 0 0 2 1 1 0 0 0 2 2 2 0 1 2 2 2 1 2 2 2 2 1 0 1 2 0 2 0 
0 0 2 0 1 2 2 2 0 2 0 0 2 2 1 1 2 0 0 1 0 0 2 0 0 0 2 2 0 0 
0 1 0 0 1 1 0 1 1 1 0 1 2 0 1 1 2 0 2 0 0 2 1 2 0 2 2 1 1 1 

=================================================
[Process #main] 2022-04-08-10:00:50 [multithreading]: multi threading computation starting...
[Thread #0] 2022-04-08-10:00:50 [multithreading]: converged BLUE with 22 blue cells ==> 61.11 percent ==> converged tile:
2 2 0 2 2 0 
2 2 0 0 2 2 
1 2 0 2 2 0 
2 1 1 2 2 0 
2 2 1 2 2 2 
1 2 1 2 2 0 
[Thread #0] 2022-04-08-10:00:50 [multithreading]: terminated after [12] iterations
[Thread #3] 2022-04-08-10:00:50 [multithreading]: terminated after [12] iterations
[Thread #1] 2022-04-08-10:00:50 [multithreading]: terminated after [12] iterations
[Thread #0] 2022-04-08-10:00:50 [multithreading]: terminated after [12] iterations
[Thread #1] 2022-04-08-10:00:50 [multithreading]: terminated after [12] iterations
[Thread #3] 2022-04-08-10:00:50 [multithreading]: terminated after [12] iterations
[Thread #2] 2022-04-08-10:00:50 [multithreading]: terminated after [12] iterations
[Thread #2] 2022-04-08-10:00:50 [multithreading]: terminated after [12] iterations
[Process #main] 2022-04-08-10:00:50 [multithreading]: FINAL STATE of the board:
0 1 2 1 1 1 1 1 2 1 1 1 2 2 0 2 2 0 1 0 0 2 2 0 1 1 2 1 1 1 
2 1 1 1 2 1 0 1 1 2 0 1 2 2 0 0 2 2 0 2 1 1 1 2 0 1 1 2 1 1 
1 1 2 2 2 2 0 0 0 1 1 1 1 2 0 2 2 0 0 0 0 0 1 2 0 0 0 1 2 1 
1 1 1 1 0 1 0 0 0 0 0 1 2 1 1 2 2 0 2 0 2 2 1 2 0 2 2 1 2 0 
0 0 0 0 2 1 2 1 0 2 0 1 2 2 1 2 2 2 2 0 2 1 1 1 1 1 1 2 2 2 
0 0 1 1 2 0 0 0 1 1 1 1 1 2 1 2 2 0 2 2 1 0 0 0 0 1 1 1 2 2 
2 2 1 1 1 2 0 2 0 1 0 1 1 1 1 1 2 2 2 0 0 2 1 0 1 0 1 1 1 1 
2 2 0 1 2 2 2 2 0 0 1 2 0 1 1 1 2 2 2 2 2 2 2 2 0 0 1 0 1 1 
1 2 2 0 1 2 0 2 2 0 2 2 0 0 1 1 2 2 2 0 2 2 2 2 0 0 0 1 1 2 
2 2 2 2 0 2 0 1 2 0 2 2 2 0 2 0 1 2 2 0 1 1 2 2 0 0 0 1 1 1 
1 1 2 2 2 2 2 0 1 1 2 2 2 2 1 1 1 1 2 0 0 0 1 2 2 2 0 0 0 0 
0 1 1 2 1 2 2 0 1 1 1 2 2 2 2 1 1 1 1 0 0 1 1 1 0 2 0 0 0 0 
0 0 1 1 2 2 2 2 0 0 1 1 1 2 2 0 0 0 0 2 1 0 1 1 2 1 0 0 1 2 
2 0 1 1 2 2 2 2 0 0 0 0 1 1 0 2 2 0 0 0 0 0 1 0 0 2 2 1 0 2 
2 0 0 1 1 1 1 2 2 2 0 0 0 2 2 1 2 0 0 0 2 0 0 0 1 2 0 1 0 1 
2 0 0 0 0 1 1 2 2 2 2 0 1 0 2 2 1 0 1 1 0 0 1 0 1 1 2 2 1 2 
1 1 2 1 0 0 1 1 2 1 1 2 2 2 1 2 0 0 0 0 2 1 2 0 0 0 1 2 2 1 
1 1 1 2 2 1 0 0 1 2 1 1 2 0 0 1 2 0 2 0 2 0 2 2 2 0 0 1 2 0 
2 0 0 1 2 0 1 1 1 2 0 1 2 0 2 0 1 2 0 1 2 0 1 2 2 0 0 1 0 2 
1 2 1 1 2 2 2 0 2 1 2 0 1 2 0 0 2 1 2 1 1 2 0 1 0 0 0 1 2 1 
0 1 1 1 2 2 2 0 1 1 2 2 0 2 0 2 1 2 1 1 2 2 0 2 2 0 0 0 0 0 
2 0 0 1 1 2 2 0 0 1 1 2 2 2 0 2 0 1 2 1 1 1 1 0 2 2 1 0 0 2 
1 2 0 1 1 1 2 1 2 0 1 1 1 2 2 1 2 1 0 2 0 0 0 2 1 2 0 0 1 0 
1 2 0 0 0 0 1 1 1 2 0 0 1 2 0 1 1 1 2 1 0 0 0 1 2 1 2 1 2 2 
1 2 2 2 0 0 0 0 1 1 2 1 0 2 2 0 0 0 0 0 1 1 2 0 2 0 1 0 1 2 
1 1 2 1 2 0 2 0 0 2 2 1 2 1 2 2 2 0 0 2 0 0 2 0 2 2 0 2 0 1 
2 1 1 1 2 0 2 0 1 1 2 0 0 0 1 1 0 0 2 0 0 0 1 0 1 2 2 0 2 2 
2 0 0 0 1 2 1 2 0 1 2 0 2 2 0 0 2 1 0 0 2 2 0 2 1 1 2 0 2 1 
2 0 2 0 0 1 2 2 0 2 2 2 2 0 2 1 0 2 2 1 0 2 2 0 0 1 2 0 2 2 
1 1 0 0 1 1 1 1 0 1 1 2 2 2 1 0 2 1 2 2 2 1 2 0 2 2 1 2 1 2 
[Process #main] 2022-04-08-10:00:50 [multithreading]: computation convergence time [0.002046]
[Process #main] 2022-04-08-10:00:50 [multithreading][check]: self check starting in 9 seconds...
[Process #main] 2022-04-08-10:00:50 [multithreading][check]: self checking computation in progress...
[Process #main] 2022-04-08-10:00:50 [multithreading][check]: converged BLUE with 22 blue cells ==> [61.11] ==> converged tile:
2 2 0 2 2 0 
2 2 0 0 2 2 
1 2 0 2 2 0 
2 1 1 2 2 0 
2 2 1 2 2 2 
1 2 1 2 2 0 
[Process #main] 2022-04-08-10:00:50 [multithreading][check]: self checking completed after [12] iterations. FINAL SELF CHECK STATE of the board_scheck:
0 1 2 1 1 1 1 1 2 1 1 1 2 2 0 2 2 0 1 0 0 2 2 0 1 1 2 1 1 1 
2 1 1 1 2 1 0 1 1 2 0 1 2 2 0 0 2 2 0 2 1 1 1 2 0 1 1 2 1 1 
1 1 2 2 2 2 0 0 0 1 1 1 1 2 0 2 2 0 0 0 0 0 1 2 0 0 0 1 2 1 
1 1 1 1 0 1 0 0 0 0 0 1 2 1 1 2 2 0 2 0 2 2 1 2 0 2 2 1 2 0 
0 0 0 0 2 1 2 1 0 2 0 1 2 2 1 2 2 2 2 0 2 1 1 1 1 1 1 2 2 2 
0 0 1 1 2 0 0 0 1 1 1 1 1 2 1 2 2 0 2 2 1 0 0 0 0 1 1 1 2 2 
2 2 1 1 1 2 0 2 0 1 0 1 1 1 1 1 2 2 2 0 0 2 1 0 1 0 1 1 1 1 
2 2 0 1 2 2 2 2 0 0 1 2 0 1 1 1 2 2 2 2 2 2 2 2 0 0 1 0 1 1 
1 2 2 0 1 2 0 2 2 0 2 2 0 0 1 1 2 2 2 0 2 2 2 2 0 0 0 1 1 2 
2 2 2 2 0 2 0 1 2 0 2 2 2 0 2 0 1 2 2 0 1 1 2 2 0 0 0 1 1 1 
1 1 2 2 2 2 2 0 1 1 2 2 2 2 1 1 1 1 2 0 0 0 1 2 2 2 0 0 0 0 
0 1 1 2 1 2 2 0 1 1 1 2 2 2 2 1 1 1 1 0 0 1 1 1 0 2 0 0 0 0 
0 0 1 1 2 2 2 2 0 0 1 1 1 2 2 0 0 0 0 2 1 0 1 1 2 1 0 0 1 2 
2 0 1 1 2 2 2 2 0 0 0 0 1 1 0 2 2 0 0 0 0 0 1 0 0 2 2 1 0 2 
2 0 0 1 1 1 1 2 2 2 0 0 0 2 2 1 2 0 0 0 2 0 0 0 1 2 0 1 0 1 
2 0 0 0 0 1 1 2 2 2 2 0 1 0 2 2 1 0 1 1 0 0 1 0 1 1 2 2 1 2 
1 1 2 1 0 0 1 1 2 1 1 2 2 2 1 2 0 0 0 0 2 1 2 0 0 0 1 2 2 1 
1 1 1 2 2 1 0 0 1 2 1 1 2 0 0 1 2 0 2 0 2 0 2 2 2 0 0 1 2 0 
2 0 0 1 2 0 1 1 1 2 0 1 2 0 2 0 1 2 0 1 2 0 1 2 2 0 0 1 0 2 
1 2 1 1 2 2 2 0 2 1 2 0 1 2 0 0 2 1 2 1 1 2 0 1 0 0 0 1 2 1 
0 1 1 1 2 2 2 0 1 1 2 2 0 2 0 2 1 2 1 1 2 2 0 2 2 0 0 0 0 0 
2 0 0 1 1 2 2 0 0 1 1 2 2 2 0 2 0 1 2 1 1 1 1 0 2 2 1 0 0 2 
1 2 0 1 1 1 2 1 2 0 1 1 1 2 2 1 2 1 0 2 0 0 0 2 1 2 0 0 1 0 
1 2 0 0 0 0 1 1 1 2 0 0 1 2 0 1 1 1 2 1 0 0 0 1 2 1 2 1 2 2 
1 2 2 2 0 0 0 0 1 1 2 1 0 2 2 0 0 0 0 0 1 1 2 0 2 0 1 0 1 2 
1 1 2 1 2 0 2 0 0 2 2 1 2 1 2 2 2 0 0 2 0 0 2 0 2 2 0 2 0 1 
2 1 1 1 2 0 2 0 1 1 2 0 0 0 1 1 0 0 2 0 0 0 1 0 1 2 2 0 2 2 
2 0 0 0 1 2 1 2 0 1 2 0 2 2 0 0 2 1 0 0 2 2 0 2 1 1 2 0 2 1 
2 0 2 0 0 1 2 2 0 2 2 2 2 0 2 1 0 2 2 1 0 2 2 0 0 1 2 0 2 2 
1 1 0 0 1 1 1 1 0 1 1 2 2 2 1 0 2 1 2 2 2 1 2 0 2 2 1 2 1 2 
[Process #main] 2022-04-08-10:00:50 [multithreading][check]: multithreading computation matches self checking sequential computation result!!
[Process #main] 2022-04-08-10:00:50 [multithreading][check]: sequential self checking computation convergence time [0.000210]